민준	1	38,305
서준	2	34,644
예준	3	28,109
도윤	4	28,101
시우	5	26,027
주원	6	25,307
하준	7	24,266
지호	8	23,940
지후	9	23,151
준서	10	22,310
준우	11	21,725
현우	12	21,191
도현	13	20,663
지훈	14	20,629
건우	15	20,623
우진	16	19,693
선우	17	17,041
서진	18	16,727
민재	19	16,606
현준	20	16,430
연우	21	15,936
유준	22	15,348
정우	23	14,745
승우	24	13,588
승현	25	13,551
시윤	26	13,492
준혁	27	13,431
은우	28	13,405
지환	29	13,404
승민	30	12,438
지우	31	12,372
유찬	32	12,357
윤우	33	11,806
민성	34	11,801
준영	35	11,483
시후	36	11,399
진우	37	11,322
지원	38	11,033
수현	39	10,895
재윤	40	9,489
시현	41	9,427
동현	42	9,393
수호	43	9,324
태윤	44	9,171
민규	45	9,029
재원	46	8,877
한결	47	8,875
민우	48	8,845
재민	49	8,685
은찬	50	8,680
윤호	51	8,615
시원	52	8,593
이준	53	8,581
민찬	54	8,356
지안	55	7,971
시온	56	7,878
성민	57	7,852
준호	58	7,727
승준	59	7,702
성현	60	7,667
이안	61	7,582
현서	62	7,502
재현	63	7,434
하율	64	7,363
지한	65	7,296
우빈	66	7,271
태민	67	7,251
지성	68	7,249
예성	69	7,219
민호	70	7,183
태현	71	7,173
지율	72	7,149
민혁	73	7,103
서우	74	7,085
성준	75	6,895
은호	76	6,882
규민	77	6,766
정민	78	6,738
준	79	6,707
지민	80	6,696
윤성	81	6,671
율	82	6,563
윤재	83	6,533
하람	84	6,394
하진	85	6,393
민석	86	6,356
준수	87	6,349
은성	88	6,296
태양	89	6,266
예찬	90	6,247
준희	91	6,105
도훈	92	5,958
하민	93	5,836
준성	94	5,688
건	95	5,673
지완	96	5,610
현수	97	5,603
승원	98	5,565
강민	99	5,540
정현	100	5,488
우주	101	5,468
태준	102	5,442
승호	103	5,354
주호	104	5,342
성빈	105	5,251
주안	106	5,193
민서	107	5,133
도영	108	5,071
우현	109	4,997
민수	110	4,939
건희	111	4,929
주환	112	4,922
하랑	113	4,914
다온	114	4,884
정훈	115	4,848
원준	116	4,832
시율	117	4,767
시훈	118	4,734
지오	119	4,682
민기	120	4,613
현민	121	4,608
시완	122	4,594
경민	123	4,580
서율	124	4,520
현성	125	4,515
승윤	126	4,490
주영	127	4,449
동하	128	4,442
태훈	129	4,297
민건	130	4,296
도율	131	4,271
동건	132	4,247
재훈	133	4,219
태영	134	4,198
호준	135	4,192
승빈	136	4,164
가온	137	4,156
재준	138	4,121
시환	139	4,103
세현	140	4,043
태경	141	4,021
이현	142	4,004
도원	143	3,947
도경	144	3,935
정후	145	3,912
현진	146	3,910
재영	147	3,903
정원	148	3,891
서후	149	3,871
현승	150	3,853
라온	151	3,851
찬영	151	3,851
영준	153	3,850
상현	154	3,845
범준	155	3,833
윤	156	3,829
온유	157	3,811
승훈	158	3,792
성윤	159	3,769
현	160	3,761
재하	161	3,755
로운	162	3,722
주혁	163	3,719
찬우	164	3,680
이든	165	3,666
연준	166	3,660
하윤	167	3,659
우성	168	3,630
동윤	169	3,621
성훈	170	3,609
승재	171	3,587
찬희	172	3,540
지혁	173	3,525
건호	174	3,519
세준	175	3,506
동욱	176	3,481
태율	177	3,464
수민	178	3,460
태호	179	3,443
유건	180	3,436
승찬	181	3,411
도하	182	3,384
윤찬	183	3,383
단우	184	3,350
태우	185	3,348
산	186	3,338
현호	187	3,332
윤후	188	3,316
현빈	189	3,299
시안	190	3,268
찬	191	3,266
재우	192	3,262
준석	193	3,255
지운	194	3,247
주현	195	3,208
형준	196	3,202
연호	197	3,189
효준	198	3,179
재혁	199	3,169
성우	200	3,137
규빈	201	3,130
주완	202	3,127
주한	203	3,126
동우	204	3,124
하늘	205	3,099
수혁	206	3,095
재희	207	3,093
시헌	208	3,084
상윤	209	3,043
우찬	210	3,036
유빈	211	2,987
진호	212	2,976
유현	213	2,970
석현	214	2,944
우영	215	2,938
준형	216	2,920
도연	217	2,897
윤서	218	2,894
유진	219	2,887
서원	220	2,883
지용	221	2,865
용준	222	2,843
규현	223	2,832
준후	224	2,816
동준	225	2,813
은율	226	2,810
도준	227	2,793
호진	228	2,763
강현	229	2,759
태인	230	2,720
진혁	231	2,706
상우	232	2,696
우준	233	2,680
은준	234	2,679
승후	235	2,677
시호	236	2,671
지웅	237	2,669
승환	238	2,659
은혁	239	2,640
동훈	240	2,626
유민	241	2,624
하온	242	2,593
성원	243	2,576
도진	244	2,571
승주	245	2,568
대현	246	2,559
영민	246	2,559
서윤	248	2,536
종현	249	2,531
세훈	250	2,504
도겸	251	2,503
서호	252	2,499
현석	253	2,490
신우	254	2,485
재호	255	2,475
준현	256	2,462
원우	257	2,451
강우	258	2,445
승유	259	2,444
상민	260	2,430
태환	261	2,405
은수	262	2,403
선호	263	2,390
준원	264	2,387
민결	265	2,380
정빈	266	2,374
태오	267	2,368
동혁	268	2,359
영우	269	2,341
아인	270	2,306
유안	271	2,304
동규	272	2,300
진서	273	2,289
태성	274	2,264
유성	275	2,259
혜성	275	2,259
요한	277	2,243
성진	278	2,225
여준	279	2,217
윤건	280	2,197
인우	281	2,190
태건	282	2,187
주형	283	2,151
우혁	284	2,115
희찬	285	2,111
한율	286	2,106
하성	287	2,097
준범	288	2,094
찬민	289	2,092
서현	290	2,084
정호	291	2,068
윤수	292	2,066
민제	293	2,052
성호	294	2,051
인성	295	2,042
건후	296	2,031
경준	297	2,029
희준	298	2,027
상준	299	2,022
승혁	300	2,016
재이	301	2,015
태원	302	2,009
준민	303	2,005
재율	304	1,997
민승	305	1,987
태웅	306	1,986
채민	307	1,984
승헌	308	1,981
한울	308	1,981
재성	310	1,977
시준	311	1,973
진영	312	1,967
환희	313	1,950
선율	314	1,939
호연	315	1,926
세윤	315	1,926
승기	317	1,903
세진	318	1,893
성재	319	1,890
태하	320	1,878
주성	321	1,877
호영	322	1,860
가람	323	1,854
다원	324	1,837
찬율	325	1,831
현규	326	1,827
규원	327	1,806
이한	328	1,796
연후	329	1,790
현욱	330	1,789
준하	331	1,777
시영	332	1,773
희성	333	1,761
정윤	334	1,751
진욱	334	1,751
지윤	336	1,739
창민	337	1,734
지온	338	1,733
지섭	339	1,725
해준	340	1,721
정환	341	1,719
민	342	1,717
건율	343	1,700
은재	344	1,697
찬혁	345	1,693
동연	346	1,677
유하	347	1,673
노아	348	1,672
성찬	349	1,664
세민	350	1,663
서빈	351	1,656
우석	352	1,654
영훈	353	1,634
도형	354	1,626
준기	355	1,622
윤준	356	1,613
지석	357	1,612
로이	358	1,608
인호	359	1,603
은후	360	1,600
명준	361	1,591
상훈	362	1,587
기현	363	1,586
수빈	364	1,569
재형	365	1,560
아준	366	1,559
해성	366	1,559
민후	368	1,532
진성	369	1,529
주하	370	1,527
시언	371	1,526
시형	372	1,509
상원	373	1,507
태연	374	1,505
도건	375	1,503
재인	376	1,498
준휘	377	1,491
동민	378	1,489
한준	379	1,485
다니엘	380	1,476
기범	380	1,476
주헌	382	1,475
재용	383	1,466
수환	384	1,465
원	385	1,461
태규	386	1,457
선재	387	1,443
영재	388	1,442
영진	389	1,440
주찬	389	1,440
지수	391	1,429
동호	392	1,424
우재	393	1,420
승범	394	1,419
동원	395	1,405
한별	396	1,399
건영	397	1,392
진	398	1,390
승연	399	1,389
도헌	400	1,379
한솔	401	1,374
유담	402	1,370
예건	403	1,363
환	404	1,360
은결	405	1,351
민율	406	1,348
민욱	407	1,346
지헌	408	1,323
석준	409	1,319
준모	410	1,317
현재	411	1,313
결	412	1,310
강	413	1,305
이수	414	1,301
재범	415	1,299
리안	415	1,299
찬유	417	1,297
재환	417	1,297
호윤	419	1,283
해솔	420	1,277
태희	421	1,273
건하	422	1,265
상혁	423	1,263
성욱	424	1,261
영찬	425	1,258
동환	425	1,258
진원	427	1,243
하빈	428	1,242
준환	429	1,241
재욱	430	1,239
경훈	431	1,236
준상	432	1,233
서하	433	1,231
하루	434	1,228
연수	434	1,228
예담	436	1,227
수찬	437	1,223
도균	438	1,220
강준	438	1,220
태이	440	1,214
훈	441	1,209
형우	442	1,189
승규	443	1,186
재빈	444	1,169
도운	445	1,168
종혁	445	1,168
찬호	447	1,166
근우	447	1,166
윤혁	449	1,164
유신	450	1,163
리우	451	1,155
범수	452	1,153
동주	453	1,151
찬빈	454	1,146
혁준	454	1,146
한빈	456	1,140
태빈	457	1,133
창현	458	1,132
성주	459	1,130
혁	460	1,122
지현	461	1,120
이찬	462	1,114
유승	463	1,112
겸	464	1,111
은규	465	1,107
연재	466	1,102
희재	467	1,098
태완	468	1,096
수영	469	1,093
병준	470	1,092
동휘	471	1,090
세영	472	1,088
태욱	473	1,086
의준	474	1,082
관우	475	1,079
성환	476	1,076
재연	477	1,075
재경	478	1,073
민영	479	1,071
윤석	479	1,071
대한	481	1,065
선준	482	1,064
지유	483	1,059
지욱	484	1,054
은석	484	1,054
성연	486	1,050
경빈	487	1,049
정욱	488	1,041
솔	489	1,039
한서	490	1,038
보겸	491	1,037
인준	492	1,036
윤제	493	1,034
도빈	494	1,021
준용	495	1,020
규진	496	1,018
희원	497	1,013
주언	498	1,008
다율	498	1,008
성하	500	1,003