이름
랭킹
이름수
서연	1	35,647
서윤	2	34,342
지우	3	30,009
서현	4	29,070
민서	5	27,935
하은	6	26,936
하윤	7	25,992
윤서	8	23,692
지유	9	22,862
지민	10	22,707
채원	11	22,157
지윤	12	20,891
은서	13	20,830
수아	14	20,778
다은	15	20,302
예은	16	19,516
지아	17	18,613
수빈	18	18,544
소율	19	18,041
예린	20	17,547
예원	21	17,400
지원	22	17,077
소윤	23	16,681
지안	24	16,170
하린	25	15,480
시은	26	15,367
유진	27	15,259
채은	28	14,683
윤아	29	14,365
유나	30	14,284
가은	31	14,238
서영	32	13,902
민지	33	13,686
예진	34	13,514
서아	35	13,465
수민	36	13,176
수연	37	12,900
연우	38	12,813
예나	39	12,697
예서	40	12,387
주아	41	12,293
시연	42	11,820
연서	43	11,598
하율	44	11,456
다인	45	11,309
다연	46	11,038
시아	47	10,976
아인	48	10,924
현서	49	10,856
서은	50	10,731
유주	51	10,674
아린	52	10,578
서우	53	10,475
하연	54	10,287
서율	55	10,268
서진	56	10,247
채윤	57	10,238
유빈	58	10,166
지율	59	10,114
나윤	60	10,015
수현	61	9,988
예지	62	9,809
다현	63	9,722
소은	64	9,056
나은	65	9,027
나연	66	9,024
지은	67	9,003
민주	68	8,936
아윤	69	8,837
사랑	70	8,833
시현	71	8,747
예빈	72	8,714
윤지	73	8,682
서하	74	8,667
지현	75	8,564
소연	76	8,524
혜원	77	8,137
지수	78	8,108
은채	79	8,106
주하	80	8,050
채아	81	7,827
승아	82	7,800
다윤	83	7,554
소민	84	7,502
서희	85	7,402
나현	86	7,365
민아	87	7,355
채린	88	7,332
하영	89	7,288
세아	90	7,238
세은	91	7,214
도연	92	7,112
규리	93	7,091
아영	94	7,075
다온	95	6,778
가윤	96	6,679
지연	97	6,670
예림	98	6,626
태희	99	6,460
민채	100	6,444
주은	101	6,408
시윤	102	6,347
유정	103	6,318
연아	104	6,258
소현	105	6,179
아현	106	6,167
보민	107	6,159
민정	108	6,148
수진	109	6,015
현지	110	6,014
민경	111	5,928
정원	112	5,889
나경	113	5,871
가현	114	5,835
세연	115	5,686
은지	116	5,657
윤하	117	5,649
가연	118	5,648
지효	119	5,624
가온	120	5,482
라희	121	5,377
예슬	122	5,317
채연	123	5,283
한별	124	5,247
현아	125	5,179
하늘	126	5,096
소희	127	5,070
효주	128	4,950
유림	129	4,949
유하	130	4,931
채민	131	4,835
은솔	132	4,832
봄	133	4,779
가영	134	4,724
주연	134	4,724
예주	136	4,714
소이	137	4,703
유리	138	4,624
혜린	139	4,589
하진	140	4,585
다희	141	4,571
하랑	142	4,521
하나	143	4,450
태연	144	4,444
설아	145	4,439
윤슬	146	4,432
은우	147	4,413
하람	148	4,403
다혜	149	4,395
다솜	150	4,370
혜인	151	4,359
지혜	152	4,348
유민	153	4,342
재인	154	4,329
승연	155	4,311
다빈	156	4,282
수인	157	4,265
재이	158	4,239
지영	159	4,229
수정	160	4,188
리아	161	4,184
시온	162	4,138
은유	163	4,127
채영	164	4,116
주원	165	4,086
고은	166	4,038
태린	167	4,034
태은	168	3,992
지후	169	3,972
아라	170	3,912
나영	171	3,846
민하	171	3,846
수지	173	3,844
소영	174	3,830
단아	175	3,730
은별	176	3,727
서인	177	3,702
보경	178	3,664
다영	179	3,651
주희	180	3,615
가빈	181	3,611
채현	182	3,608
정민	183	3,560
예솔	184	3,528
시우	185	3,455
효린	186	3,451
지온	187	3,441
정윤	188	3,397
소정	189	3,384
라온	190	3,381
은재	191	3,376
세빈	192	3,369
한나	193	3,348
연재	194	3,338
채이	195	3,334
서빈	196	3,324
예담	197	3,305
슬아	198	3,277
아진	199	3,267
해인	200	3,261
아연	201	3,254
연주	202	3,225
도희	203	3,223
보미	204	3,222
예인	205	3,197
지호	206	3,189
나율	207	3,188
서정	208	3,178
다원	209	3,172
하음	210	3,143
정연	211	3,135
별	212	3,125
은빈	213	3,121
다율	214	3,114
서원	215	3,070
율	216	3,063
세인	217	3,062
효은	218	3,061
연지	219	3,040
준희	220	3,031
재희	221	3,029
지인	222	3,000
채희	222	3,000
도은	224	2,998
은비	225	2,953
다경	226	2,951
리원	227	2,926
채빈	228	2,913
소미	229	2,905
희원	230	2,900
가인	231	2,880
윤주	232	2,851
유은	233	2,832
혜민	234	2,812
미소	235	2,808
루아	236	2,783
솔	237	2,775
은수	238	2,717
혜진	239	2,712
은율	240	2,701
세린	241	2,697
이안	242	2,666
리안	243	2,662
은혜	244	2,644
연수	245	2,636
재은	246	2,615
하민	247	2,610
설	247	2,610
아름	249	2,607
로아	250	2,605
유라	251	2,604
효원	252	2,600
라윤	253	2,587
현진	254	2,573
유이	255	2,554
민영	256	2,545
이현	257	2,529
선우	258	2,527
단비	259	2,515
혜빈	259	2,515
하온	261	2,489
정현	262	2,482
혜윤	263	2,475
온유	264	2,466
윤	265	2,444
세영	266	2,426
정은	267	2,420
제인	268	2,400
여진	269	2,387
채율	270	2,386
가을	271	2,361
민솔	272	2,359
윤진	273	2,341
라엘	274	2,333
은성	275	2,329
세희	276	2,318
유경	277	2,298
여원	278	2,297
현정	279	2,296
서린	280	2,289
가람	281	2,285
주현	282	2,279
윤채	283	2,257
소원	284	2,244
나린	285	2,239
진서	285	2,239
은설	287	2,235
현주	288	2,231
도경	289	2,215
하엘	290	2,207
연희	291	2,205
해나	292	2,200
혜림	293	2,187
효민	294	2,186
진아	295	2,110
다정	296	2,099
주영	297	2,065
가희	297	2,065
제이	299	2,063
혜리	300	2,048
라임	301	2,047
소담	302	2,044
하빈	303	2,041
규빈	304	2,000
지예	305	1,994
지희	306	1,983
태리	307	1,979
수영	308	1,978
효빈	309	1,971
희주	310	1,969
다예	311	1,946
시원	312	1,944
아림	313	1,940
리나	314	1,935
려원	315	1,892
승희	316	1,866
은진	317	1,858
가율	318	1,830
시율	319	1,823
하정	320	1,807
혜주	321	1,800
시영	322	1,794
윤희	323	1,789
효정	324	1,785
다민	324	1,785
하리	326	1,781
이나	327	1,754
이솔	328	1,753
선아	329	1,746
나희	330	1,741
해솔	331	1,737
은아	332	1,731
희진	333	1,730
효진	334	1,726
정인	335	1,718
하경	336	1,712
윤정	337	1,711
성은	337	1,711
승현	339	1,708
규린	340	1,701
윤솔	341	1,665
새봄	342	1,661
영은	342	1,661
유안	344	1,629
지오	345	1,625
송현	346	1,621
해린	347	1,618
재아	348	1,617
소유	349	1,605
은영	350	1,603
선유	351	1,600
영서	352	1,593
인서	353	1,586
보영	354	1,579
아율	355	1,558
서이	356	1,553
규림	357	1,548
태이	358	1,535
민선	359	1,530
은하	360	1,524
민희	361	1,519
아정	362	1,514
하임	363	1,510
이서	364	1,509
세현	365	1,506
우리	366	1,503
도윤	367	1,490
도아	368	1,485
아란	369	1,480
승주	370	1,477
혜나	371	1,476
효림	372	1,446
별하	373	1,441
가원	374	1,416
선영	375	1,415
하늬	376	1,404
수린	377	1,403
예온	378	1,389
예리	379	1,386
시하	380	1,384
담희	381	1,369
도영	382	1,342
희수	383	1,327
정아	384	1,325
다솔	384	1,325
루리	386	1,315
선율	387	1,312
희연	388	1,310
라은	389	1,301
한비	390	1,289
은정	391	1,278
희서	392	1,276
송연	393	1,274
해원	394	1,269
예람	395	1,267
이수	396	1,265
시안	396	1,265
서경	398	1,256
혜연	399	1,247
라율	400	1,240
리하	401	1,228
은	401	1,228
하원	401	1,228
지나	404	1,221
다해	405	1,220
유미	406	1,219
린	407	1,214
유현	408	1,213
예랑	409	1,212
아람	409	1,212
은주	411	1,206
하루	412	1,198
윤영	412	1,198
빛나	414	1,195
여은	415	1,192
우주	416	1,184
세령	417	1,166
경민	418	1,147
하라	419	1,146
세진	420	1,140
예령	421	1,138
예영	422	1,121
예윤	423	1,119
혜정	423	1,119
진	425	1,110
수안	426	1,102
로하	427	1,098
진희	428	1,084
초아	429	1,077
나예	430	1,076
수하	431	1,072
수경	432	1,065
누리	433	1,061
아리	434	1,058
진주	435	1,055
인아	436	1,054
태경	437	1,051
민진	438	1,049
나원	439	1,033
윤설	440	1,030
민	441	1,023
보현	442	1,019
인영	443	1,017
이레	444	1,016
하선	445	1,013
성연	446	1,010
승은	447	1,003
태인	448	995
정빈	449	994
예현	450	990
다미	451	988
경은	452	980
연진	453	966
유담	454	962
해윤	455	959
나래	456	958
희정	457	953
소예	458	950
규원	459	946
가민	460	932
한솔	461	931
서안	462	919
여울	463	907
세하	464	898
여름	465	894
희윤	465	894
도이	467	892
다겸	467	892
율아	469	891
채하	470	889
규민	471	888
로희	472	886
이진	473	880
세나	474	879
아민	475	878
서유	476	871
나라	477	865
혜은	478	863
시유	479	860
재연	480	856
세윤	481	855
지선	482	853
세라	483	852
하이	484	849
해리	485	843
슬	486	838
안나	487	834
채령	488	832
혜영	489	828
재윤	490	824
미나	491	823
루다	492	822
현	493	807
태림	494	801
주혜	494	801
루나	496	798
연후	497	796
민설	497	796
린아	499	793
혜령	500	785